3/17/2020,3/18/2020,3/19/2020,3/20/2020,3/21/2020,3/22/2020,3/23/2020,3/24/2020,3/25/2020,3/26/2020,3/27/2020,3/28/2020,3/29/2020
1028,1278,1923,2325,2790,3337,3697,4470,5370,6189,7337,9166,10609
